0:
position:
 [0.6416479554766897, 0.04518901263849821, 0.905026543752655]
orientation:
 [0.5055491746315381, -0.5019275208232998, 0.5002219720269101, -0.4922060285805708]

1:
position:
 [0.6858009713505899, 0.04518465335766074, 0.8470695351952525]
orientation:
 [0.526865832924269, -0.5229231810790063, 0.47766884837836376, -0.46988957434286455]

 2:
position:
 [0.7247092200922569, 0.04517908873541848, 0.7854998726735213]
orientation:
 [0.5471953549409316, -0.5429105679502566, 0.4542602938251309, -0.44662394046099363]

3:
position:
 [0.7581114342486328, 0.04517106106169293, 0.7207887371407211]
orientation:
 [0.5664862137169097, -0.561846609777272, 0.43002078513156844, -0.42249719656501505]
