0：
position:
 [0.3553506430612699, 0.0451280605724714, 1.1263494634007745]
orientation:
 [0.3847009402417397, -0.38294859923007907, 0.5982673031587706, -0.5894334490813827]

 1:
position:
 [0.41984872766750336, 0.045142722735528974, 1.0925204635417234]
orientation:
 [0.41042727528834255, -0.40826905034838007, 0.5809386601374562, -0.5721679013932167]

2:
position:
 [0.48111500015240827, 0.04511703542359467, 1.0532346216585287]
orientation:
 [0.43532146860773124, -0.4328116921684667, 0.5625327388075047, -0.5538286520768005]

3:
position:
 [0.5387506367520646, 0.04509953646315256, 1.0087432482532595]
orientation:
 [0.4594279899001493, -0.45656845822522385, 0.5430021663341097, -0.5344341048310969]

4:
position:
 [0.5922653157552152, 0.04509111154897704, 0.9594326869582785]
orientation:
 [0.4826375625214936, -0.47940718018727957, 0.5225034835266866, -0.5140231984362881]

5:
position:
 [0.6412889863581397, 0.045069661988906794, 0.9056481598447355]
orientation:
 [0.504930077085401, -0.501336919103104, 0.5010342731748338, -0.4926170601013593]

6:
position:
 [0.6855362136126734, 0.045042330122485236, 0.8476520039729002]
orientation:
 [0.5263225220386739, -0.5223720706423703, 0.4785534387781043, -0.4702112597985132]

7:
position:
 [0.7245644341847002, 0.04501279538868218, 0.785994844422169]
orientation:
 [0.5467184055653378, -0.5424000395469907, 0.4551780386796741, -0.4468938746718786]

8:
position:
 [0.7579772375255048, 0.04498626987335887, 0.7213899244893498]
orientation:
 [0.5659969802586126, -0.561341046207534, 0.4309794557134574, -0.4228479122967219]

9:
position:
 [0.7856530261975556, 0.04500820389391599, 0.6540920834845398]
orientation:
 [0.584229508910054, -0.5791960541127298, 0.4059356825707562, -0.39802516683593886]

10:
position:
 [0.8073716913505331, 0.04499686933504024, 0.5845804328004874]
orientation:
 [0.6013592693619328, -0.5960130040975293, 0.3800686533918892, -0.3724021305094771]
